101
102
103
201
202
203
301
302
303
401
402
403
501
502
503
601
602
603
701
702
703
801
802
803
901
902
903
1001
1002
1003
1101
1102
1103
1201
1202
1203
1501
1502
1503
1601
1602
1603
101
102
103
201
202
203
301
302
303
401
402
403
501
502
503
601
602
603
701
702
703
801
802
803
901
902
903
1001
1002
1003
1101
1102
1103
1201
1202
1203
1501
1502
1503
1601
1602
1603
101
201
202
301
302
401
402
501
502
601
602
701
702
801
802
901
902
1001
1002
1101
1102
101
201
202
301
302
401
402
501
502
601
602
701
702
801
802
901
902
201
202
203
301
303
401
402
403
501
503
601
602
603
701
703
801
802
803
901
903
1001
1002
1003
1101
1103
1201
1202
1203
1501
1503
1601
1602
1603
1701
1703
1801
1802
1803
1901
1903
2001
2002
2003
101
201
202
301
302
401
402
501
502
601
602
701
702
801
802
901
902
1001
1002
1101
1102
101
102
201
202
301
302
401
402
501
502
601
602
701
702
801
802
901
902
1001
1002
1101
1102
101
102
201
202
301
302
401
402
501
502
601
602
701
702
801
802
901
902
1001
1002
1101
1102
101
102
201
202
301
302
401
402
501
502
601
602
701
702
801
802
901
902
101
102
201
202
301
302
401
402
501
502
601
602
701
702
801
802
901
902
1001
1002
1101
1102
101
102
201
202
301
302
401
402
501
502
601
602
701
702
801
802
901
902
1001
1002
1101
1102
1201
1202
1501
1502
1601
1602
1701
1702
1801
1802
101
102
201
202
301
302
401
402
501
502
601
602
701
702
801
802
901
902
1001
1002
1101
1102
1201
1202
1501
1502
1601
1602
1701
1702
1801
1802
101
102
201
202
301
302
401
402
501
502
601
602
701
702
801
802
901
902
1001
1002
1101
1102
1201
1202
1501
1502
1601
1602
1701
1702
1801
1802
101
201
202
301
302
401
402
501
502
601
602
701
702
801
802
901
902
1001
1002
1101
1102
1201
1202
1501
1502
1601
1602
1701
1702
1801
1802
1902
101
201
202
301
302
401
402
501
502
601
602
701
702
801
802
901
902
1001
1002
1101
1102
1201
1202
1501
1502
1601
1602
1701
1702
1801
1802
101
102
201
202
301
302
401
402
501
502
601
602
701
702
801
802
901
902
1001
1002
1101
1102
1201
1202
1501
1502
1601
1602
1701
1702
1801
1802
101
102
201
202
301
302
401
402
501
502
601
602
701
702
801
802
901
902
1001
1002
1101
1102
1201
1202
1501
1502
1601
1602
1701
1702
1801
1802
101
102
201
202
301
302
401
402
501
502
601
602
701
702
801
802
901
902
1001
1002
1101
1102
1201
1202
1501
1502
1601
1602
1701
1702
1801
1802
1902
101
102
201
202
301
302
401
402
501
502
601
602
701
702
801
802
901
902
1001
1002
1101
1102
101
102
201
202
301
302
401
402
501
502
601
602
701
702
801
802
901
902
1001
1002
1101
1102
1201
1202
1301
1302
1401
1402
1501
1502
1601
1602
1701
1702
101
102
201
202
301
302
401
402
501
502
601
602
701
702
801
802
901
902
1001
1002
1101
1102
1201
1202
1301
1302
1401
1402
1501
1502
1601
1602
1701
1702
101
102
201
202
301
302
401
402
501
502
601
602
701
702
801
802
901
902
1001
1002
1101
1102
1201
1202
1301
1302
1401
1402
1501
1502
1601
1602
1701
1702
101
102
201
202
301
302
401
402
501
502
601
602
701
702
801
802
901
902
1001
1002
1101
1102
1201
1202
1301
1302
1401
1402
1501
1502
1601
1602
1701
1702
101
102
201
202
301
302
401
402
501
502
601
602
701
702
801
802
901
902
1001
1002
1101
1102
101
102
201
202
301
302
401
402
501
502
601
602
701
702
801
802
901
902
1001
1002
1101
1102
101
102
201
202
301
302
401
402
501
502
601
602
701
702
801
802
901
902
1001
1002
1101
1102
101
102
201
202
301
302
401
402
501
502
601
602
701
702
801
802
901
902
1001
1002
1101
1102
1201
1202
1301
1302
101
102
201
202
301
302
401
402
501
502
601
602
701
702
801
802
901
902
1001
1002
1101
1102
1201
1202
1301
1302
101
102
201
202
301
302
401
402
501
502
601
602
701
702
801
802
901
902
1001
1002
1101
1102
1201
1202
1301
1302
101
102
201
202
301
302
401
402
501
502
601
602
701
702
801
802
901
902
1001
1002
1101
1102
1201
1202
1301
1302
101
102
201
202
301
302
401
402
501
502
601
602
701
702
801
802
901
902
101
102
201
202
301
302
401
402
501
502
601
602
701
702
801
802
901
902
101
102
201
202
301
302
401
402
501
502
601
602
701
702
801
802
901
902
1001
1002
101
102
201
202
301
302
401
402
501
502
601
602
701
702
801
802
901
902
1001
1002
101
102
201
202
301
302
401
402
501
502
601
602
701
702
801
802
901
902
1001
1002
1101
1102
1201
1202
1301
1302
1401
1402
101
102
201
202
301
302
401
402
501
502
601
602
701
702
801
802
901
902
1001
1002
1101
1102
1201
1202
1301
1302
1401
1402
101
102
201
202
301
302
401
402
501
502
601
602
701
702
801
802
901
902
1001
1002
1101
1102
101
102
201
202
301
302
401
402
501
502
601
602
701
702
801
802
901
902
1001
1002
1101
1102
1201
1202
1301
1302
1401
1402
101
102
201
202
301
302
401
402
501
502
601
602
701
702
801
802
901
902
1001
1002
1101
1102
1201
1202
1301
1302
1401
1402
101
102
103
201
202
203
301
302
303
401
402
403
501
502
503
601
602
603
701
702
703
801
802
803
901
902
903
1001
1002
1003
1101
1102
1103
1201
1202
1203
1501
1502
1503
1601
1602
1603